Polarization of Light 'theta' Data File Thu, Mar 21, 2024 10:42 AM
Sensor Position (Radians)	Light Intensity (Volts)
0.00000	0.10965
0.00000	0.11061
0.00000	0.11061
0.00000	0.10997
0.00000	0.11174
0.00000	0.11126
0.00000	0.10884
0.00000	0.11238
0.00000	0.11109
0.00000	0.10981
0.00000	0.10948
0.00000	0.11174
0.00000	0.10932
0.00000	0.11013
0.00000	0.11271
0.00000	0.10852
0.00000	0.10997
0.00000	0.11222
0.00000	0.11351
0.00000	0.10787
0.00000	0.11013
0.00000	0.11109
0.00000	0.11109
0.00000	0.11013
0.00000	0.11206
0.00000	0.11158
0.00000	0.11287
0.00000	0.10900
0.00000	0.11045
0.00000	0.11174
0.00000	0.11142
0.00000	0.11238
0.00000	0.11303
0.00000	0.11126
0.00000	0.10900
0.00000	0.10997
0.00000	0.11029
0.00000	0.11013
0.00000	0.11416
0.00000	0.11206
0.00000	0.10948
0.00000	0.11158
0.00000	0.11029
0.00000	0.10787
0.00000	0.11093
0.00000	0.11013
0.00000	0.11174
0.00000	0.10900
0.00000	0.11109
0.00000	0.11126
0.00000	0.11045
0.00000	0.10965
0.00000	0.11045
0.00000	0.11045
0.00000	0.11174
0.00000	0.11093
0.00000	0.11077
0.00000	0.11045
0.00000	0.10932
0.00000	0.11254
0.00000	0.11061
0.00000	0.10513
0.00000	0.10852
0.00000	0.11206
0.00000	0.11045
0.00000	0.11254
0.00000	0.11399
0.00000	0.11319
0.00000	0.11061
0.00000	0.11399
0.00000	0.11303
0.00000	0.11335
0.00000	0.11448
0.00000	0.11351
0.00000	0.11126
0.00000	0.11448
0.00000	0.11335
0.00000	0.11416
0.00000	0.11448
0.00000	0.11287
0.00000	0.11222
0.00000	0.11013
0.00436	0.12318
0.06545	0.34805
0.12217	0.65120
0.13526	0.76042
0.13963	0.78184
0.14835	0.86013
0.18326	1.10690
0.22253	1.39621
0.23126	1.51476
0.25744	1.72626
0.33598	2.36254
0.42761	3.15717
0.44070	3.31842
0.44070	3.36175
0.44070	3.37012
0.44070	3.36932
0.44506	3.39622
0.45379	3.48852
0.49306	3.73837
0.54978	4.04250
0.58469	4.23387
0.60650	4.36000
0.61523	4.43636
0.62396	4.47824
0.63268	4.49322
0.65886	4.53156
0.69813	4.53656
0.72431	4.57876
0.74176	4.60889
0.76794	4.56990
0.78976	4.50321
0.81158	4.40430
0.82030	4.38159
0.82467	4.37225
0.82903	4.36081
0.83339	4.34196
0.83339	4.33810
0.83339	4.30991
0.83339	4.31522
0.83339	4.32021
0.83339	4.31812
0.83339	4.30958
0.83339	4.30556
0.83339	4.30781
0.83339	4.30427
0.83339	4.30056
0.83339	4.30314
0.83339	4.30072
0.83339	4.30201
0.83339	4.30894
0.83339	4.30572
0.83339	4.30572
0.83339	4.30378
0.83339	4.30636
0.83339	4.30394
0.83339	4.30974
0.83339	4.31039
0.83776	4.30556
0.83776	4.29831
0.85085	4.25191
0.86830	4.16315
0.89012	4.06489
0.91193	3.93264
0.92502	3.83405
0.94248	3.73563
0.95993	3.58759
0.98175	3.42377
0.99920	3.29313
1.01665	3.14879
1.03411	2.99045
1.04720	2.87302
1.06029	2.76493
1.07774	2.62060
1.09519	2.43358
1.13010	2.14991
1.16064	1.86351
1.17810	1.69260
1.18246	1.65072
1.18682	1.63235
1.20864	1.46418
1.22609	1.29472
1.23918	1.17552
1.25227	1.08709
1.26536	1.00365
1.28282	0.87559
1.30027	0.75478
1.31336	0.65007
1.33081	0.53909
1.34390	0.47466
1.34827	0.44180
1.36572	0.37092
1.38754	0.27475
1.39626	0.22852
1.40499	0.19389
1.42681	0.12817
1.45299	0.06341
1.46171	0.04763
1.47480	0.02991
1.50971	0.00381
1.52280	0.00720
1.53153	0.01251
1.54025	0.01880
1.54462	0.02153
1.55771	0.03990
1.57952	0.08822
1.58825	0.10932
1.61879	0.20130
1.63188	0.26928
1.63625	0.27604
1.69733	0.59966
1.71915	0.72385
1.73224	0.82823
1.75406	0.98029
1.76278	1.03442
1.78460	1.18116
1.81951	1.46048
1.82387	1.53812
1.83696	1.63477
1.87623	1.97063
1.89368	2.13251
1.89805	2.17069
1.90677	2.24028
1.92859	2.42810
1.94168	2.57098
1.95477	2.70420
1.99404	3.00285
2.00713	3.13494
2.01586	3.17553
2.03767	3.35692
2.05076	3.46436
2.06385	3.55489
2.08567	3.70148
2.09876	3.80731
2.11185	3.86466
2.12494	3.96695
2.13367	4.01818
2.14675	4.08615
2.15984	4.15558
2.17730	4.20778
2.19475	4.27737
2.21220	4.34148
2.22966	4.38787
2.23838	4.40640
2.24711	4.42347
2.26020	4.44087
2.27329	4.45859
2.28638	4.46423
2.29947	4.46793
2.31256	4.46133
2.32565	4.46697
2.33438	4.44909
2.34310	4.42814
2.35183	4.40205
2.36928	4.36822
2.38674	4.32311
2.39546	4.27495
2.40419	4.25723
2.40419	4.23661
2.40855	4.23725
2.40855	4.24821
2.40419	4.26255
2.40419	4.25932
2.40419	4.25723
2.40419	4.25739
2.40419	4.25514
2.40419	4.25288
2.40419	4.25739
2.40419	4.25369
2.40419	4.24305
2.40419	4.25224
2.40419	4.24064
2.40419	4.24821
2.40419	4.24305
2.40419	4.25224
2.40419	4.25159
2.40419	4.25514
2.40419	4.25675
2.40419	4.24724
2.40419	4.24338
2.40419	4.25981
2.40419	4.25030
2.40419	4.24547
2.40419	4.25948
2.40419	4.24950
2.40419	4.24966
2.40419	4.25787
2.40419	4.24418
2.40419	4.24515
2.40419	4.24193
2.40419	4.24434
2.40419	4.25304
2.40419	4.25610
2.40419	4.25095
2.40419	4.24112
2.40855	4.24128
2.43473	4.13947
2.46091	3.99852
2.48273	3.86595
2.50455	3.74223
2.52636	3.60048
2.54818	3.44036
2.57000	3.27476
2.58309	3.16055
2.60054	3.02218
2.61799	2.88864
2.62672	2.78088
2.64417	2.65652
2.65290	2.57791
2.65290	2.56502
2.65290	2.56325
2.67472	2.41747
2.71399	2.05552
2.74889	1.73577
2.77944	1.48915
2.79689	1.31405
2.81871	1.14685
2.84489	0.96080
2.87107	0.75913
2.89288	0.61947
2.93215	0.41135
2.95833	0.28442
2.97579	0.21741
2.98888	0.16264
3.01942	0.08194
3.03687	0.04763
3.05869	0.01896
3.07178	0.00736
3.09796	0.00752
3.11978	0.02959
3.13723	0.05407
3.15032	0.08645