Polarization of Light 'Brewsters' Data File Thu, Mar 21, 2024 11:02 AM
Sensor Position (Degrees)	Light Intensity (Volts)
180.03333	0.61093
180.50000	0.55117
180.83333	0.65104
181.11667	0.71998
181.38333	0.67842
181.65000	0.58645
181.93333	0.37140
182.23333	0.22047
182.48333	0.15475
182.83333	0.08645
183.23333	0.04860
183.58333	0.02476
183.91667	0.00349
184.21667	0.01219
184.50000	0.01831
184.83333	0.01606
185.18333	0.00124
185.50000	0.00059
185.85000	-0.00053
186.16667	-0.00070
186.55000	0.00011
186.95000	0.00124
187.30000	0.05311
187.61667	0.21564
188.00000	0.59209
188.45000	0.77878
188.95000	0.78264
189.40000	0.62366
189.70000	0.52427
189.91667	0.60030
190.11667	0.62623
190.35000	0.59498
190.55000	0.67263
190.65000	0.72433
190.70000	0.72949
190.76667	0.73964
190.93333	0.73867
191.18333	0.73384
191.45000	0.72997
191.61667	0.71950
191.68333	0.71757
191.76667	0.70339
191.90000	0.69405
192.10000	0.69647
192.33333	0.69469
192.60000	0.69695
192.86667	0.69018
193.11667	0.68600
193.30000	0.67971
193.45000	0.67504
193.61667	0.65974
193.81667	0.61850
194.05000	0.46902
194.26667	0.29038
194.50000	0.13928
194.71667	0.07936
194.90000	0.02733
195.10000	0.00285
195.33333	0.00075
195.51667	0.00075
195.73333	-0.00005
196.01667	0.00188
196.33333	0.01896
196.63333	0.03893
196.88333	0.03023
197.08333	0.03829
197.25000	0.05907
197.43333	0.07163
197.66667	0.11238
197.91667	0.13316
198.20000	0.19711
198.45000	0.32082
198.70000	0.47224
198.91667	0.52652
199.11667	0.53909
199.30000	0.52556
199.50000	0.50510
199.71667	0.48803
199.91667	0.48754
200.15000	0.50365
200.41667	0.51783
200.71667	0.51976
201.03333	0.52073
201.33333	0.51799
201.55000	0.50526
201.80000	0.49753
202.06667	0.49689
202.31667	0.49093
202.56667	0.49286
202.81667	0.48545
203.08333	0.45903
203.31667	0.43422
203.63333	0.40410
203.91667	0.37173
204.15000	0.36802
204.35000	0.36174
204.55000	0.35594
204.78333	0.40813
205.03333	0.43551
205.28333	0.44566
205.61667	0.44083
205.90000	0.43149
206.15000	0.42939
206.36667	0.42875
206.58333	0.42923
206.81667	0.42134
207.15000	0.41796
207.55000	0.41248
207.86667	0.40410
208.10000	0.40394
208.26667	0.39766
208.48333	0.39750
208.71667	0.39428
208.93333	0.39412
209.08333	0.38671
209.15000	0.37479
209.21667	0.35062
209.30000	0.29843
209.43333	0.26767
209.60000	0.28152
209.81667	0.30633
210.06667	0.34499
210.30000	0.35256
210.51667	0.35771
210.70000	0.35819
210.83333	0.35288
211.00000	0.34772
211.15000	0.34466
211.28333	0.33403
211.43333	0.30729
211.55000	0.27298
211.70000	0.26171
211.88333	0.30488
212.05000	0.30584
212.13333	0.29714
212.23333	0.28168
212.35000	0.29296
212.51667	0.31212
212.71667	0.32421
212.96667	0.32179
213.16667	0.31873
213.31667	0.31148
213.41667	0.30552
213.56667	0.28200
213.75000	0.24528
213.96667	0.23464
214.30000	0.21741
214.63333	0.16522
214.86667	0.14508
215.06667	0.15700
215.28333	0.19727
215.46667	0.25156
215.66667	0.27572
215.90000	0.29102
216.10000	0.29586
216.28333	0.29247
216.46667	0.29876
216.66667	0.29296
216.90000	0.29022
217.11667	0.28716
217.35000	0.27975
217.60000	0.27765
217.90000	0.27685
218.20000	0.27492
218.45000	0.27894
218.71667	0.27492
218.95000	0.27250
219.16667	0.26686
219.33333	0.26751
219.50000	0.26799
219.66667	0.26251
219.91667	0.26171
220.18333	0.24995
220.46667	0.24463
220.73333	0.23319
220.96667	0.23368
221.16667	0.23448
221.41667	0.23013
221.61667	0.22949
221.78333	0.23948
221.93333	0.24705
222.15000	0.24673
222.38333	0.24818
222.65000	0.23851
222.91667	0.23722
223.10000	0.22804
223.21667	0.22434
223.31667	0.22852
223.50000	0.22804
223.68333	0.23030
223.86667	0.22917
224.05000	0.23013
224.23333	0.22385
224.43333	0.22772
224.63333	0.22466
224.83333	0.21693
225.05000	0.22047
225.26667	0.21886
225.50000	0.21870
225.70000	0.21676
225.86667	0.21306
225.96667	0.21370
226.05000	0.21531
226.15000	0.21177
226.28333	0.21193
226.45000	0.20968
226.65000	0.20935
226.88333	0.20710
227.13333	0.20162
227.31667	0.19131
227.50000	0.19180
227.71667	0.19534
227.93333	0.19905
228.13333	0.20033
228.28333	0.19631
228.46667	0.19373
228.70000	0.18986
228.93333	0.19147
229.13333	0.19131
229.28333	0.19035
229.45000	0.18938
229.60000	0.18455
229.76667	0.18423
229.91667	0.18342
230.05000	0.17875
230.20000	0.17730
230.40000	0.17424
230.58333	0.16908
230.76667	0.16796
230.95000	0.17231
231.11667	0.17166
231.30000	0.17263
231.50000	0.17392
231.70000	0.17166
231.93333	0.17214
232.16667	0.17214
232.38333	0.17182
232.53333	0.16844
232.63333	0.16844
232.71667	0.17053
232.86667	0.16699
233.06667	0.16345
233.25000	0.16071
233.43333	0.15539
233.65000	0.15426
233.88333	0.15137
234.13333	0.15555
234.38333	0.15716
234.58333	0.15459
234.75000	0.15684
234.95000	0.15765
235.15000	0.15426
235.35000	0.15491
235.56667	0.15588
235.78333	0.15571
235.96667	0.14943
236.15000	0.14911
236.35000	0.14798
236.56667	0.14895
236.81667	0.14959
237.10000	0.14363
237.35000	0.14154
237.58333	0.13526
237.80000	0.07759
238.00000	0.03265
238.28333	0.00108
238.58333	-0.00134
238.91667	-0.00070
239.20000	-0.00070
239.46667	-0.00037
239.71667	-0.00150
239.93333	-0.00005
240.15000	0.00172
240.31667	0.06406
240.43333	0.12672
240.51667	0.12511
240.60000	0.12946
240.76667	0.13026
240.96667	0.12769
241.21667	0.12511
241.48333	0.12318
241.73333	0.11722
241.98333	0.11319
242.23333	0.10449
242.41667	0.08017
242.60000	0.04924
242.78333	0.03861
242.98333	0.04731
243.21667	0.07614
243.45000	0.09628
243.70000	0.10401
243.91667	0.10401
244.15000	0.10095
244.35000	0.09209
244.53333	0.06664
244.73333	0.04167
244.96667	0.00204
245.20000	0.00156
245.41667	0.00269
245.66667	0.00301
245.86667	0.00317
246.08333	0.00381
246.36667	0.00543
246.68333	0.02894
246.98333	0.04054
247.28333	0.06454
247.53333	0.07775
247.78333	0.08113
247.96667	0.08387
248.11667	0.08162
248.25000	0.07356
248.38333	0.03974
248.58333	0.01074
248.80000	0.00430
249.00000	0.00430
249.20000	0.03474
249.36667	0.03104
249.56667	0.02927
249.76667	0.01364
250.00000	0.00575
250.20000	0.00446
250.36667	0.01912
250.60000	0.02765
250.85000	0.03732
251.13333	0.06100
251.38333	0.07501
251.61667	0.07936
251.86667	0.07840
252.08333	0.08194
252.26667	0.07952
252.48333	0.08307
252.73333	0.08081
252.98333	0.08436
253.20000	0.08097
253.31667	0.08017
253.43333	0.07904
253.58333	0.07727
253.76667	0.07437
253.95000	0.06825
254.16667	0.07050
254.40000	0.07115
254.61667	0.07727
254.85000	0.07872
255.08333	0.07856
255.31667	0.07775
255.51667	0.07968
255.73333	0.07727
255.93333	0.07630
256.11667	0.07614
256.30000	0.07066
256.51667	0.07421
256.76667	0.07276
257.05000	0.07566
257.33333	0.06341
257.56667	0.04634
257.78333	0.01445
258.00000	0.00124
258.18333	-0.00182
258.40000	-0.00118
258.61667	-0.00150
258.83333	-0.00037
259.03333	-0.00279
259.21667	-0.00198
259.35000	-0.00134
259.48333	-0.00376
259.61667	-0.00263
259.73333	-0.00070
259.93333	-0.00150
260.13333	0.00333
260.31667	0.00027
260.51667	0.00124
260.71667	0.01058
260.93333	0.01606
261.16667	0.02653
261.45000	0.02169
261.70000	0.02121
261.91667	0.01783
262.10000	0.01477
262.23333	0.01074
262.38333	0.01284
262.56667	0.01976
262.81667	0.03651
263.06667	0.03845
263.36667	0.04167
263.68333	0.04843
263.96667	0.05005
264.20000	0.05584
264.41667	0.05536
264.65000	0.05842
264.93333	0.05568
265.25000	0.05391
265.55000	0.04457
265.83333	0.04215
266.08333	0.04602
266.28333	0.04344
266.45000	0.04650
266.58333	0.05069
266.73333	0.05117
266.90000	0.05407
267.05000	0.04779
267.23333	0.04892
267.43333	0.05053
267.66667	0.04972
267.88333	0.05069
268.06667	0.04972
268.25000	0.05311
268.40000	0.04747
268.60000	0.05085
268.81667	0.04779
269.01667	0.04457
269.20000	0.04763
269.36667	0.04038
269.56667	0.02572
269.75000	0.01541
269.96667	0.00961
270.15000	0.01267
270.31667	0.00156
270.45000	0.00671
270.63333	0.00913
270.78333	0.00623
270.95000	0.00253
271.11667	0.00108
271.26667	0.00059
271.43333	-0.00021
271.61667	0.00075
271.76667	0.00059
271.88333	0.00059
272.00000	0.00204
272.11667	-0.00070
272.23333	0.00108
272.38333	0.00075
272.53333	-0.00053
272.70000	0.00124
272.86667	0.00140
273.06667	0.00027
273.28333	0.00188
273.48333	0.00124
273.66667	0.00172
273.86667	0.00124
274.05000	0.00075
274.20000	0.00285
274.35000	0.00559
274.53333	0.02089
274.70000	0.02830
274.88333	0.03394
275.08333	0.03281
275.28333	0.03619
275.45000	0.03603
275.60000	0.03297
275.73333	0.03410
275.86667	0.02814
276.00000	0.02427
276.13333	0.02508
276.26667	0.02701
276.43333	0.02878
276.61667	0.03361
276.78333	0.03571
276.96667	0.03233
277.13333	0.02927
277.30000	0.03265
277.43333	0.03442
277.58333	0.03748
277.75000	0.03651
277.91667	0.03603
278.06667	0.03877
278.21667	0.03523
278.38333	0.03587
278.53333	0.03088
278.68333	0.03168
278.83333	0.03345
278.96667	0.03313
279.13333	0.02927
279.30000	0.03426
279.50000	0.03394
279.68333	0.02782
279.86667	0.02073
280.03333	0.01155
280.18333	0.01428
280.31667	0.00543
280.45000	0.00365
280.58333	0.01026
280.68333	0.00816
280.76667	0.00526
280.86667	0.00832
280.98333	0.01267
281.10000	0.01896
281.21667	0.01863
281.30000	0.01573
281.35000	0.01026
281.43333	0.01718
281.51667	0.02089
281.56667	0.03345
281.56667	0.02862
281.56667	-0.00150
281.56667	-0.00182
281.58333	-0.00198
281.58333	-0.00053
281.58333	-0.00102
281.58333	-0.00150
281.58333	-0.00118
281.58333	0.00494
281.60000	0.03200
281.60000	0.02975
281.61667	0.03265
281.63333	0.02749
281.65000	0.03120
281.68333	0.03104
281.76667	0.02878
281.90000	0.02959
282.01667	0.02798
282.16667	0.02508
282.36667	0.02105
282.58333	0.01912
282.80000	0.01590
283.03333	0.01477
283.28333	0.01300
283.50000	0.01316
283.75000	0.01106
283.93333	0.01590
284.08333	0.01670
284.26667	0.01863
284.45000	0.00220
284.65000	0.00333
284.83333	-0.00021
285.01667	0.00075
285.20000	0.00124
285.41667	-0.00118
285.63333	-0.00134
285.85000	-0.00263
286.06667	-0.00247
286.30000	-0.00086
286.55000	-0.00182
286.76667	-0.00070
286.96667	-0.00118
287.18333	-0.00086
287.43333	-0.00247
287.65000	-0.00070
287.85000	-0.00150
288.01667	-0.00134
288.18333	-0.00070
288.33333	-0.00134
288.50000	0.00043
288.66667	0.00059
288.85000	-0.00005
289.03333	0.00011
289.25000	-0.00053
289.45000	0.00124
289.68333	0.00462
289.90000	0.00317
290.13333	0.01122
290.36667	0.01573
290.56667	0.01799
290.76667	0.01992
290.96667	0.02169
291.18333	0.01912
291.38333	0.02218
291.55000	0.02169
291.71667	0.02057
291.88333	0.02121
292.05000	0.02137
292.23333	0.02234
292.50000	0.02041
292.90000	0.01880
293.23333	0.01960
293.55000	0.00510
293.83333	0.00027
294.00000	-0.00182
294.15000	-0.00102
294.26667	0.00011
294.36667	-0.00102
294.46667	0.00526
294.63333	0.01783
294.78333	0.02121
294.96667	0.01735
295.13333	0.01767
295.26667	0.02121
295.38333	0.01590
295.51667	0.01541
295.65000	0.01477
295.81667	0.00543
295.96667	0.00381
296.15000	0.00398
296.30000	0.00430
296.46667	0.00446
296.60000	0.00236
296.71667	0.00446
296.83333	0.00446
296.93333	0.00285
297.06667	0.00414
297.20000	0.00543
297.41667	0.01010
297.63333	0.01155
297.91667	0.01284
298.26667	0.01831
298.60000	0.01735
298.86667	0.01718
299.15000	0.01267
299.38333	0.00881
299.61667	0.00994
299.86667	0.00816
300.11667	0.00526
300.38333	0.00156
300.61667	-0.00005
300.80000	-0.00166
301.01667	-0.00327
301.23333	-0.00247
301.41667	-0.00343
301.55000	-0.00247
301.70000	-0.00086
301.85000	0.00140
302.06667	0.00349
302.30000	0.00897
302.56667	0.00865
302.76667	0.00897
302.91667	0.00994
303.06667	0.00800
303.21667	0.00961
303.38333	0.00977
303.53333	0.01332
303.68333	0.01171
303.81667	0.01300
303.96667	0.01090
304.11667	0.01380
304.23333	0.00897
304.35000	0.01026
304.46667	0.01251
304.58333	0.01541
304.73333	0.01203
304.88333	0.01106
305.03333	0.00849
305.13333	0.01106
305.23333	0.01090
305.33333	0.01074
305.45000	0.01686
305.55000	0.01010
305.66667	0.00623
305.78333	0.00945
305.90000	0.00768
306.01667	0.00607
306.15000	0.00462
306.28333	0.00526
306.43333	0.00591
306.56667	0.00043
306.71667	0.00220
306.85000	0.00092
306.95000	-0.00070
307.05000	0.00236
307.15000	0.00156
307.23333	0.00059
307.33333	0.00108
307.41667	-0.00037
307.51667	-0.00263
307.61667	-0.00263
307.73333	-0.00231
307.85000	-0.00086
307.93333	-0.00311
308.03333	-0.00134
308.15000	-0.00198
308.25000	-0.00166
308.35000	-0.00198
308.45000	-0.00102
308.58333	-0.00118
308.71667	-0.00070
308.83333	-0.00150
308.88333	-0.00070
308.96667	-0.00102
309.05000	-0.00070
309.11667	-0.00263
309.20000	-0.00070
309.30000	-0.00327
309.40000	-0.00086
309.51667	-0.00150
309.63333	-0.00198
309.70000	-0.00118
309.76667	-0.00295
309.81667	-0.00198
309.85000	-0.00166
309.86667	-0.00166
309.90000	-0.00231
309.90000	-0.00166
309.91667	-0.00215
309.98333	-0.00150
310.05000	0.00108
310.06667	0.00720
310.11667	0.00607
310.16667	0.00800
310.23333	0.01042
310.35000	0.00800
310.45000	0.00510
310.51667	0.00784
310.63333	0.01090
310.76667	0.00623
310.90000	0.00623
311.00000	0.00543
311.11667	0.00092
311.21667	-0.00021
311.33333	0.00108
311.46667	0.00398
311.61667	0.00510
311.75000	0.00253
311.86667	0.00543
311.96667	0.00365
312.05000	0.00381
312.15000	0.00349
312.25000	0.00398
312.36667	0.00430
312.48333	0.00510
312.56667	0.00156
312.65000	0.00381
312.76667	0.00140
312.93333	0.00204
313.10000	-0.00086
313.20000	0.00236
313.26667	0.00124
313.45000	0.00462
313.63333	0.00430
313.80000	0.00446
313.98333	0.00253
314.13333	0.00430
314.30000	0.00478
314.48333	0.00301
314.70000	0.00623
314.95000	0.00655
315.15000	0.00752
315.33333	0.00623
315.50000	0.00333
315.65000	0.00655
315.78333	0.00591
315.91667	0.00688
316.05000	0.00494
316.16667	0.00365
316.26667	0.00188
316.40000	0.00253
316.51667	0.00333
316.63333	0.00253
316.81667	0.00043
317.01667	-0.00021
317.28333	-0.00150
317.56667	-0.00215
317.86667	-0.00198
318.15000	-0.00343
318.45000	-0.00134
318.76667	-0.00198
319.05000	-0.00215
319.36667	-0.00166
319.60000	-0.00166
319.81667	-0.00166
320.01667	-0.00118
320.21667	-0.00102
320.36667	-0.00215
320.55000	-0.00150
320.71667	-0.00118
320.80000	-0.00150
320.86667	-0.00086
320.93333	-0.00166
321.03333	-0.00150
321.10000	-0.00150
321.25000	-0.00215
321.45000	-0.00150
321.55000	-0.00118
321.60000	-0.00166
321.65000	-0.00166
321.71667	-0.00198
321.78333	-0.00150
321.86667	-0.00231
321.95000	-0.00150
322.03333	-0.00118
322.06667	-0.00263
322.10000	0.00381
322.11667	0.00365
322.13333	0.00543
322.15000	0.00559
322.18333	0.00478
322.20000	0.00285
322.21667	0.00446
322.26667	0.00559
322.30000	0.00365
322.36667	0.00349
322.41667	0.00333
322.45000	0.00301
322.46667	0.00301
322.48333	0.00301
322.51667	0.00398
322.58333	0.00172
322.68333	0.00462
322.81667	0.00220
323.00000	0.00317
323.15000	0.00269
323.28333	0.00349
323.36667	0.00317
323.51667	0.00220
323.63333	0.00188
323.73333	0.00124
323.83333	-0.00021
323.88333	-0.00021
323.96667	-0.00053
324.00000	0.00027
324.00000	-0.00037
324.00000	-0.00102
323.98333	-0.00102
323.98333	0.00285
323.96667	-0.00166
323.95000	-0.00166
323.95000	-0.00182
323.95000	-0.00150
323.95000	-0.00263
323.95000	-0.00198
323.95000	-0.00102
323.95000	-0.00215
323.95000	-0.00182
323.95000	-0.00166
323.95000	-0.00118
323.95000	-0.00070
323.95000	-0.00134
323.95000	-0.00182
323.95000	-0.00231
323.95000	-0.00102
323.95000	-0.00166
323.95000	-0.00150
323.95000	-0.00086
323.95000	-0.00247
323.95000	-0.00086
323.95000	-0.00166
323.95000	-0.00166
323.95000	-0.00311
323.95000	-0.00134
323.95000	-0.00311
323.95000	-0.00134
323.95000	-0.00166
323.95000	-0.00166
323.95000	-0.00166
323.95000	-0.00150
323.95000	-0.00102
323.95000	-0.00182
323.95000	-0.00118
323.95000	-0.00118
323.95000	-0.00166
323.95000	-0.00150
323.95000	-0.00215
323.95000	-0.00182
323.95000	-0.00070
323.95000	-0.00102
323.95000	-0.00198
323.95000	-0.00150
323.95000	-0.00005
323.95000	-0.00182
323.95000	-0.00134
323.95000	-0.00198