Polarization of Light 'Brewsters' Data File Thu, Mar 14, 2024 11:24 AM
Sensor Position (Degrees)	Light Intensity (Volts)
180.00000	0.32453
180.00000	0.29392
180.00000	0.29408
180.00000	0.31470
180.00000	0.32872
180.00000	0.32807
180.00000	0.33741
180.00000	0.33693
180.00000	0.32968
180.00000	0.33194
180.00000	0.32856
180.00000	0.33677
180.00000	0.33661
180.00000	0.33597
180.00000	0.33339
180.00000	0.33178
180.00000	0.32823
180.00000	0.31873
179.98333	0.30633
179.98333	0.29908
179.98333	0.31470
179.98333	0.32372
179.98333	0.32179
179.98333	0.32227
179.98333	0.32082
179.98333	0.32405
179.98333	0.33017
179.98333	0.34756
179.98333	0.35674
179.98333	0.38091
179.98333	0.41409
179.98333	0.52765
180.00000	0.70549
180.00000	1.04843
180.00000	1.70806
180.00000	4.16509
180.00000	4.16493
180.00000	4.16799
179.98333	4.16670
180.00000	4.17250
180.00000	4.17105
180.00000	4.17427
180.00000	4.17524
180.00000	4.17620
180.01667	4.17830
180.20000	4.17958
180.63333	4.18248
180.90000	4.17878
180.95000	4.17926
180.96667	4.18023
180.96667	4.17701
180.98333	4.17814
181.03333	4.18216
181.11667	2.65185
181.21667	1.54231
181.36667	1.06663
181.58333	0.85433
181.80000	0.63944
182.05000	0.53619
182.25000	0.35948
182.38333	0.30278
182.48333	0.39589
182.55000	0.55133
182.63333	0.63348
182.76667	0.67536
182.88333	0.76670
183.03333	0.88831
183.18333	1.84369
183.30000	4.16799
183.38333	4.17459
183.43333	4.17685
183.48333	4.17701
183.55000	4.17652
183.68333	4.11708
183.88333	2.64122
184.18333	2.44614
184.51667	4.17524
184.90000	4.17781
185.25000	4.18152
185.40000	4.18023
185.45000	4.18120
185.46667	4.18490
185.46667	4.18216
185.48333	4.18200
185.51667	4.18200
185.55000	4.18426
185.58333	4.18716
185.65000	4.18667
185.71667	4.18748
185.76667	2.21515
185.80000	0.63815
185.83333	0.40652
185.91667	0.30020
186.00000	0.30149
186.05000	0.38461
186.10000	0.40636
186.15000	0.40684
186.20000	0.40974
186.25000	0.44260
186.33333	0.41957
186.41667	0.43181
186.51667	0.42230
186.61667	0.43535
186.70000	0.47015
186.76667	0.58081
186.83333	1.10771
186.86667	1.96177
186.88333	2.34740
186.93333	3.25189
186.98333	4.09646
187.01667	4.17105
187.06667	4.17282
187.11667	4.17572
187.18333	4.17814
187.25000	4.17975
187.33333	4.18071
187.40000	4.17894
187.46667	4.18248
187.53333	4.18329
187.58333	4.18168
187.65000	4.18377
187.71667	4.18232
187.78333	4.18458
187.81667	4.18651
187.85000	4.18587
187.88333	4.18313
187.93333	4.18538
188.01667	4.18619
188.10000	4.18877
188.20000	4.18812
188.28333	4.18877
188.35000	4.18828
188.40000	4.18764
188.43333	4.18571
188.48333	4.18667
188.53333	4.18764
188.58333	4.18764
188.61667	4.18748
188.66667	4.18925
188.71667	4.18909
188.78333	4.19022
188.81667	4.19215
188.85000	4.18683
188.90000	4.19038
188.93333	4.18877
188.98333	4.19199
189.01667	4.18989
189.05000	4.18828
189.08333	4.18667
189.13333	4.18957
189.21667	4.19070
189.30000	4.19231
189.40000	4.19360
189.50000	4.19376
189.58333	4.19183
189.63333	4.19118
189.66667	4.19392
189.70000	4.19167
189.73333	4.19296
189.76667	4.18989
189.83333	4.19118
189.91667	4.19473
189.98333	4.19263
190.03333	4.19118
190.08333	4.19022
190.18333	4.19344
190.31667	4.19167
190.43333	4.19440
190.51667	4.18925
190.60000	4.19151
190.68333	4.19312
190.78333	4.19392
190.90000	4.19360
191.05000	4.19457
191.16667	4.19779
191.25000	4.19344
191.28333	4.19553
191.31667	4.19376
191.35000	4.19779
191.38333	4.19134
191.45000	4.19070
191.53333	4.19473
191.61667	4.19183
191.70000	4.18941
191.76667	2.71064
191.81667	2.09724
191.86667	2.58065
191.91667	3.21967
191.98333	4.18603
192.05000	4.19070
192.10000	4.18941
192.13333	4.19102
192.16667	4.19134
192.20000	4.19360
192.25000	4.19054
192.31667	4.19022
192.41667	4.18828
192.51667	4.19344
192.63333	4.19279
192.70000	4.19215
192.75000	4.19376
192.80000	4.19360
192.83333	4.19134
192.85000	4.19102
192.88333	4.19392
192.90000	4.19328
192.90000	4.19585
192.91667	4.19489
192.93333	4.19183
192.95000	4.19360
192.96667	4.19199
193.00000	4.19118
193.01667	4.19279
193.01667	4.19167
193.03333	4.19376
193.03333	4.19038
193.05000	4.19070
193.05000	4.19376
193.06667	4.19296
193.11667	4.19183
193.26667	4.19714
193.41667	4.19006
193.55000	4.19312
193.63333	4.19521
193.66667	4.19827
193.66667	4.19537
193.68333	4.19457
193.71667	4.19618
193.75000	4.19376
193.80000	4.19618
193.86667	4.19312
193.95000	4.19682
194.01667	4.19328
194.10000	4.19489
194.18333	4.19618
194.25000	4.19408
194.33333	4.19666
194.40000	4.19666
194.45000	4.19505
194.48333	4.19344
194.53333	4.19714
194.60000	4.19811
194.65000	4.19473
194.68333	4.19328
194.70000	4.19602
194.73333	4.19473
194.76667	4.19360
194.81667	4.19457
194.86667	4.19602
194.93333	4.19489
195.00000	4.19231
195.08333	4.19763
195.16667	4.19392
195.23333	4.19199
195.30000	4.19424
195.36667	4.19408
195.43333	4.19408
195.53333	4.19183
195.66667	4.19537
195.81667	4.19473
195.95000	4.19489
196.06667	4.19344
196.13333	4.19650
196.20000	4.19553
196.25000	4.19537
196.30000	4.19634
196.36667	4.19215
196.41667	4.19440
196.45000	4.19328
196.50000	4.19408
196.60000	4.19521
196.70000	4.19682
196.78333	4.19328
196.86667	4.19312
196.93333	4.19569
196.98333	4.19698
197.00000	4.19585
197.05000	4.19151
197.10000	4.19763
197.18333	4.19247
197.28333	4.19360
197.38333	4.19585
197.45000	4.19118
197.51667	4.19489
197.60000	4.19650
197.66667	4.19892
197.73333	4.19602
197.78333	4.19521
197.83333	4.19424
197.86667	4.19489
197.91667	4.19650
197.95000	4.19859
198.00000	4.19537
198.06667	4.19650
198.10000	4.19134
198.13333	4.19392
198.15000	4.19392
198.18333	4.19424
198.21667	4.19650
198.25000	4.19279
198.30000	4.19408
198.38333	4.19730
198.46667	4.19602
198.55000	4.19296
198.63333	4.19618
198.71667	4.19634
198.76667	4.19714
198.80000	4.19763
198.81667	4.19585
198.83333	4.19682
198.86667	4.19457
198.90000	4.19618
198.93333	4.19650
199.00000	4.19602
199.10000	4.19553
199.18333	4.19457
199.26667	4.19489
199.33333	4.19328
199.38333	4.19650
199.43333	4.19569
199.48333	4.19505
199.51667	4.19376
199.53333	4.19569
199.58333	4.19183
199.61667	4.19521
199.65000	4.19344
199.71667	4.19505
199.76667	4.19585
199.81667	4.19473
199.85000	4.19473
199.86667	4.19747
199.91667	4.19747
199.95000	4.19585
200.00000	4.19360
200.06667	4.19279
200.13333	4.19537
200.18333	4.19747
200.26667	4.19376
200.35000	4.19489
200.45000	4.19457
200.51667	4.19424
200.58333	4.19328
200.68333	4.19569
200.78333	4.19537
200.90000	4.19602
201.03333	4.19537
201.15000	4.14688
201.28333	3.98467
201.45000	3.82922
201.61667	3.64526
201.76667	3.43408
201.86667	3.04022
201.95000	2.78909
201.98333	2.41844
202.00000	1.41795
202.01667	0.20807
202.03333	0.07437
202.05000	0.06197
202.06667	0.08403
202.10000	0.12108
202.13333	0.16731
202.16667	0.49511
202.20000	1.18487
202.21667	1.70919
202.23333	2.40088
202.25000	2.75945
202.26667	3.51027
202.30000	3.63978
202.36667	3.76495
202.46667	3.71968
202.55000	3.64139
202.63333	3.58985
202.71667	3.55280
202.80000	3.49448
202.85000	3.45276
202.88333	3.43037
202.91667	3.37254
202.95000	3.28475
202.96667	2.83500
202.98333	2.67408
203.00000	2.38719
203.01667	2.20033
203.03333	1.51186
203.06667	0.39959
203.10000	0.24286
203.16667	0.16618
203.21667	0.12108
203.30000	0.10948
203.36667	0.11013
203.45000	0.15588
203.53333	0.29972
203.60000	0.43149
203.66667	0.91570
203.71667	1.06019
203.78333	0.92665
203.85000	0.66377
203.91667	0.46096
204.03333	0.45307
204.16667	0.41103
204.30000	0.42198
204.41667	0.33919
204.50000	0.25993
204.55000	0.30890
204.60000	0.25736
204.65000	0.34386
204.70000	0.59466
204.73333	1.00623
204.78333	1.11528
204.85000	1.31019
204.90000	1.26686
204.96667	1.55133
205.01667	1.65700
205.08333	1.64234
205.13333	1.73432
205.18333	1.76718
205.23333	1.88719
205.26667	1.92311
205.31667	1.97401
205.38333	2.03216
205.45000	2.05455
205.51667	2.13300
205.60000	2.15909
205.65000	2.19147
205.71667	2.06792
205.78333	1.90200
205.86667	1.71209
205.96667	1.84965
206.05000	2.01476
206.13333	2.10352
206.18333	2.14508
206.21667	2.16231
206.25000	2.14379
206.28333	2.13429
206.31667	2.11625
206.36667	2.05729
206.43333	1.98528
206.51667	1.96080
206.58333	1.82082
206.65000	1.68342
206.71667	1.57952
206.76667	1.46434
206.81667	1.29650
206.90000	1.27491
206.95000	1.25204
207.00000	1.35352
207.05000	1.40474
207.10000	1.34466
207.13333	1.23400
207.21667	0.95532
207.28333	0.71628
207.38333	0.65990
207.41667	0.67633
207.46667	0.71837
207.53333	0.67826
207.58333	0.65732
207.66667	0.53828
207.70000	0.42069
207.78333	0.25124
207.85000	0.14283
207.93333	0.08113
208.01667	0.06809
208.08333	0.04940
208.13333	0.04860
208.16667	0.04441
208.20000	0.04811
208.21667	0.05858
208.25000	0.05939
208.26667	0.08146
208.30000	0.10675
208.31667	0.20823
208.35000	0.40362
208.40000	0.74527
208.45000	1.12559
208.55000	1.32436
208.63333	1.45629
208.70000	1.52878
208.76667	1.55439
208.85000	1.58596
208.95000	1.60449
209.03333	1.61979
209.10000	1.61028
209.15000	1.58081
209.20000	1.56599
209.26667	1.56132
209.35000	1.56180
209.43333	1.53393
209.50000	1.52314
209.55000	1.52475
209.60000	1.54005
209.68333	1.53152
209.73333	1.53667
209.80000	1.52813
209.88333	1.48222
209.95000	1.45532
210.03333	1.41312
210.10000	1.39234
210.13333	1.36624
210.16667	1.34047
210.20000	1.32726
210.21667	1.31518
210.23333	1.30278
210.26667	1.28506
210.30000	1.25800
210.33333	1.24753
210.36667	1.25268
210.43333	1.25896
210.51667	1.26734
210.58333	1.25091
210.65000	1.23818
210.71667	1.18873
210.76667	1.13654
210.85000	1.01331
210.91667	1.00139
210.96667	0.99398
211.05000	0.98110
211.15000	0.94018
211.23333	0.92681
211.30000	0.91248
211.36667	0.86496
211.41667	0.77797
211.46667	0.68745
211.51667	0.70323
211.56667	0.70984
211.61667	0.70049
211.65000	0.66377
211.71667	0.67214
211.78333	0.74801
211.83333	0.79005
211.90000	0.84434
211.98333	0.90201
212.10000	0.94292
212.21667	0.98802
212.35000	1.00687
212.45000	1.01509
212.55000	1.00445
212.65000	0.98947
212.75000	0.97417
212.86667	0.94195
212.93333	0.92569
212.98333	0.89395
213.08333	0.80987
213.20000	0.71241
213.30000	0.64846
213.40000	0.66296
213.50000	0.68809
213.58333	0.71934
213.65000	0.73062
213.75000	0.74527
213.85000	0.73529
213.96667	0.72176
214.06667	0.71112
214.15000	0.72208
214.23333	0.72143
214.33333	0.70371
214.41667	0.69357
214.45000	0.69196
214.50000	0.66602
214.53333	0.67005
214.60000	0.66812
214.65000	0.66908
214.70000	0.66199
214.76667	0.65507
214.83333	0.65491
214.88333	0.63928
214.96667	0.62495
215.06667	0.60642
215.16667	0.59128
215.25000	0.59353
215.30000	0.59386
215.33333	0.58693
215.40000	0.58451
215.45000	0.55262
215.51667	0.55600
215.56667	0.55745
215.65000	0.55794
215.70000	0.56712
215.76667	0.56019
215.83333	0.56857
215.90000	0.57018
215.96667	0.57356
216.05000	0.56696
216.11667	0.57082
216.16667	0.57018
216.23333	0.56341
216.28333	0.56116
216.35000	0.55890
216.43333	0.54698
216.53333	0.53216
216.66667	0.50832
216.80000	0.45484
216.93333	0.38638
217.05000	0.30842
217.15000	0.28120
217.25000	0.26976
217.35000	0.27137
217.41667	0.29892
217.50000	0.31551
217.60000	0.28700
217.70000	0.19599
217.78333	0.14927
217.88333	0.09499
218.03333	0.03925
218.18333	0.02250
218.35000	0.01638
218.48333	0.02331
218.56667	0.03877
218.66667	0.05520
218.81667	0.06905
218.95000	0.09628
219.05000	0.14299
219.13333	0.20501
219.21667	0.24882
219.30000	0.27830
219.38333	0.28973
219.45000	0.28877
219.53333	0.29457
219.63333	0.29151
219.71667	0.29054
219.81667	0.28490
219.88333	0.28442
219.93333	0.27508
220.00000	0.27347
220.08333	0.27330
220.16667	0.26557
220.25000	0.25446
220.31667	0.24946
220.38333	0.24350
220.45000	0.23191
220.48333	0.22691
220.55000	0.21258
220.58333	0.21161
220.65000	0.20984
220.73333	0.20146
220.83333	0.18874
220.93333	0.17955
221.03333	0.16828
221.13333	0.17553
221.21667	0.18149
221.30000	0.17907
221.40000	0.17907
221.46667	0.18390
221.55000	0.18052
221.61667	0.18390
221.68333	0.17794
221.75000	0.17537
221.83333	0.17053
221.90000	0.16522
221.96667	0.16747
222.03333	0.16312
222.06667	0.16667
222.10000	0.16618
222.16667	0.16103
222.25000	0.16135
222.33333	0.15668
222.40000	0.14734
222.48333	0.15314
222.53333	0.14814
222.60000	0.14331
222.66667	0.14508
222.73333	0.13993
222.80000	0.13703
222.86667	0.13783
222.93333	0.13026
223.03333	0.12656
223.11667	0.12382
223.21667	0.12398
223.28333	0.12334
223.35000	0.12189
223.40000	0.12253
223.41667	0.12463
223.45000	0.11915
223.48333	0.12414
223.53333	0.11963
223.58333	0.12028
223.63333	0.12108
223.68333	0.11818
223.71667	0.11834
223.76667	0.11496
223.83333	0.11061
223.90000	0.10739
223.96667	0.10739
224.03333	0.10320
224.10000	0.09837
224.18333	0.08951
224.26667	0.08838
224.33333	0.08806
224.38333	0.08017
224.46667	0.08468
224.51667	0.08677
224.56667	0.08500
224.61667	0.08274
224.66667	0.08436
224.71667	0.08516
224.73333	0.08419
224.75000	0.08677
224.76667	0.08645
224.80000	0.09225
224.81667	0.09144
224.85000	0.09354
224.90000	0.09305
224.93333	0.09177
224.96667	0.08903
224.98333	0.09982
225.01667	0.10030
225.05000	0.09805
225.08333	0.09917
225.13333	0.09466
225.21667	0.09080
225.31667	0.08790
225.41667	0.08291
225.50000	0.08178
225.56667	0.07485
225.61667	0.06905
225.68333	0.07147
225.75000	0.06454
225.83333	0.06019
225.93333	0.05375
226.03333	0.04795
226.13333	0.04570
226.23333	0.03506
226.30000	0.02153
226.36667	0.02620
226.41667	0.02073
226.46667	0.01912
226.55000	0.01396
226.63333	0.01509
226.68333	0.01525
226.70000	0.01622
226.73333	0.01251
226.76667	0.01412
226.78333	0.01896
226.81667	0.01010
226.85000	0.01187
226.88333	0.01557
226.95000	0.01735
227.01667	0.01106
227.08333	0.01428
227.15000	0.01525
227.21667	0.01122
227.28333	0.01187
227.35000	0.01235
227.41667	0.01654
227.46667	0.01896
227.53333	0.00977
227.65000	0.01606
227.76667	0.01396
227.86667	0.01332
227.98333	0.01251
228.08333	0.01461
228.18333	0.01573
228.28333	0.01284
228.40000	0.01155
228.53333	0.01380
228.65000	0.01348
228.75000	0.01509
228.83333	0.00800
228.91667	0.01976
229.00000	0.01364
229.06667	0.01541
229.13333	0.01380
229.21667	0.01557
229.33333	0.01348
229.43333	0.01380
229.51667	0.01332
229.61667	0.01509
229.70000	0.01300
229.80000	0.01300
229.88333	0.01477
230.00000	0.01316
230.11667	0.01509
230.21667	0.01493
230.30000	0.01670
230.38333	0.01541
230.48333	0.01799
230.55000	0.01042
230.61667	0.01622
230.70000	0.01960
230.80000	0.01751
230.90000	0.01622
230.98333	0.02169
231.08333	0.01847
231.16667	0.02137
231.25000	0.02057
231.33333	0.02508
231.40000	0.02492
231.46667	0.02427
231.53333	0.02282
231.61667	0.02202
231.68333	0.02991
231.75000	0.02620
231.83333	0.02137
231.93333	0.02556
232.00000	0.02266
232.06667	0.02153
232.15000	0.02331
232.21667	0.02991
232.30000	0.03329
232.36667	0.03104
232.45000	0.03233
232.50000	0.03426
232.58333	0.03007
232.66667	0.03651
232.73333	0.03313
232.78333	0.01445
232.85000	0.03345
232.91667	0.01364
232.98333	0.01670
233.05000	0.00027
233.13333	0.00027
233.20000	0.01767
233.28333	0.01606
233.38333	0.01896
233.48333	0.01960
233.58333	0.02798
233.66667	0.01992
233.71667	0.02894
233.80000	0.02685
233.88333	0.02959
233.96667	0.03023
234.05000	0.02894
234.13333	0.03200
234.20000	0.03345
234.26667	0.03184
234.33333	0.03361
234.41667	0.03136
234.50000	0.03378
234.56667	0.03426
234.63333	0.03974
234.70000	0.03700
234.75000	0.04183
234.78333	0.04215
234.83333	0.04296
234.88333	0.04489
234.93333	0.04666
234.98333	0.04521
235.03333	0.05214
235.06667	0.04441
235.13333	0.05890
235.20000	0.04570
235.26667	0.04731
235.35000	0.04698
235.43333	0.05343
235.51667	0.05456
235.63333	0.05456
235.71667	0.05826
235.80000	0.05697
235.86667	0.05810
235.91667	0.05633
235.96667	0.05842
236.00000	0.05214
236.03333	0.06084
236.08333	0.05987
236.13333	0.06406
236.21667	0.05842
236.30000	0.06325
236.38333	0.06664
236.45000	0.06374
236.53333	0.06760
236.65000	0.06905
236.73333	0.07437
236.78333	0.06841
236.83333	0.07244
236.90000	0.07147
236.98333	0.07421
237.05000	0.07501
237.11667	0.07968
237.16667	0.08452
237.20000	0.08887
237.23333	0.08951
237.28333	0.08661
237.31667	0.09015
237.36667	0.08194
237.45000	0.09321
237.51667	0.08854
237.55000	0.09515
237.58333	0.09740
237.60000	0.09708
237.66667	0.10207
237.73333	0.10127
237.78333	0.10240
237.85000	0.10401
237.96667	0.10900
238.16667	0.10884
238.33333	0.11351
238.41667	0.12189
238.43333	0.12221
238.46667	0.11915
238.51667	0.12334
238.58333	0.12543
238.68333	0.13107
238.76667	0.13220
238.81667	0.13252
238.83333	0.13687
238.83333	0.12994
238.83333	0.13961
238.85000	0.13783
238.83333	0.13880
238.83333	0.14202
238.83333	0.13848
238.85000	0.14412
238.85000	0.13622
238.85000	0.08017
238.83333	0.23690
238.83333	0.02427
238.83333	0.02218
238.83333	0.02282
238.83333	0.01992
238.83333	0.01992
238.83333	0.02314
238.83333	0.02105
238.83333	0.02878
238.83333	0.02024
238.83333	0.02137
238.85000	0.05053
238.85000	0.10224
238.85000	0.00027
238.85000	0.00011
238.85000	0.13026
238.86667	0.14106
238.90000	0.14073
239.15000	0.14798
239.35000	0.15153
239.45000	0.15249
239.46667	0.15829
239.50000	0.15507
239.53333	0.16135
239.55000	0.15974
239.56667	0.15813
239.58333	0.16087
239.58333	0.15410
239.60000	0.15716
239.60000	0.16409
239.60000	0.16812
239.61667	0.16570
239.61667	0.16409
239.61667	0.16200
239.61667	0.15878
239.63333	0.16071
239.63333	0.15652
239.65000	0.15845
239.65000	0.16457
239.66667	0.16119
239.66667	0.16635
239.66667	0.15861
239.68333	0.16925
239.70000	0.15958
239.71667	0.16796
239.76667	0.16216
239.80000	0.16731
239.85000	0.16554
239.88333	0.16925
239.95000	0.16602
240.00000	0.17343
240.05000	0.17021
240.08333	0.17939
240.13333	0.17730
240.20000	0.17569
240.25000	0.17875
240.31667	0.18181
240.40000	0.18455
240.48333	0.17972
240.58333	0.18149
240.68333	0.18890
240.76667	0.19003
240.90000	0.19212
241.00000	0.19035
241.10000	0.19743
241.21667	0.20082
241.31667	0.20227
241.41667	0.20388
241.53333	0.20935
241.61667	0.20903
241.75000	0.22321
241.90000	0.22337
242.01667	0.23851
242.13333	0.23239
242.21667	0.23996
242.30000	0.24576
242.36667	0.24189
242.45000	0.24914
242.51667	0.26461
242.58333	0.25269
242.66667	0.25913
242.75000	0.24737
242.86667	0.25639
242.96667	0.25285
243.08333	0.25945
243.16667	0.24995
243.26667	0.26380
243.33333	0.26525
243.41667	0.27121
243.53333	0.26589
243.65000	0.27604
243.76667	0.27669
243.90000	0.27685
244.01667	0.27234
244.13333	0.28539
244.25000	0.28023
244.33333	0.28555
244.41667	0.29344
244.51667	0.30085
244.61667	0.30568
244.70000	0.31374
244.76667	0.31390
244.81667	0.32163
244.86667	0.32566
244.91667	0.32421
244.98333	0.32791
245.06667	0.32968
245.15000	0.33371
245.26667	0.33886
245.36667	0.33822
245.46667	0.33999
245.56667	0.34756
245.66667	0.34499
245.75000	0.35191
245.83333	0.36577
245.88333	0.36641
245.91667	0.36931
245.93333	0.35803
245.95000	0.35288
245.95000	0.34595
245.95000	0.35256
245.95000	0.35175
245.95000	0.32614
246.01667	0.33258
246.23333	0.35787
246.45000	0.35707
246.63333	0.37897
246.90000	0.40346
247.18333	0.41812
247.45000	0.43680
247.61667	0.44292
247.71667	0.45339
247.78333	0.45629
247.86667	0.45742
247.98333	0.42569
248.08333	0.32356
248.15000	0.27330
248.20000	0.24415
248.23333	0.23368
248.26667	0.19212
248.30000	0.15137
248.35000	0.12221
248.38333	0.12302
248.41667	0.13945
248.43333	0.21741
248.45000	0.27266
248.48333	0.29312
248.53333	0.30117
248.60000	0.31986
248.68333	0.31502
248.76667	0.26074
248.85000	0.21950
248.90000	0.12076
248.95000	0.07292
249.00000	0.02314
249.05000	0.02314
249.13333	0.02169
249.25000	0.01686
249.38333	0.00881
249.51667	0.05278
249.60000	0.02910
249.70000	0.04521
249.78333	0.03410
249.86667	0.01863
249.93333	0.02218
250.01667	0.10965
250.13333	0.27121
250.26667	0.45774
250.36667	0.53490
250.45000	0.55697
250.53333	0.56180
250.60000	0.56035
250.66667	0.56116
250.75000	0.56712
250.85000	0.56824
250.96667	0.58097
251.10000	0.57807
251.21667	0.59192
251.31667	0.59209
251.41667	0.59450
251.46667	0.59901
251.55000	0.59611
251.61667	0.60852
251.68333	0.61061
251.75000	0.60739
251.83333	0.61351
251.95000	0.60948
252.06667	0.62189
252.15000	0.62333
252.20000	0.62140
252.25000	0.62720
252.31667	0.63236
252.36667	0.63364
252.41667	0.62881
252.48333	0.63815
252.56667	0.63977
252.61667	0.64862
252.68333	0.64653
252.76667	0.65024
252.81667	0.65668
252.86667	0.66167
252.91667	0.66087
252.95000	0.66506
252.98333	0.66795
253.01667	0.66054
253.05000	0.66554
253.10000	0.66248
253.15000	0.66779
253.18333	0.66618
253.21667	0.67633
253.23333	0.67053
253.25000	0.67214
253.30000	0.67681
253.36667	0.67472
253.41667	0.67166
253.46667	0.67730
253.51667	0.68165
253.55000	0.65700
253.56667	0.61721
253.58333	0.51638
253.60000	0.51831
253.61667	0.57549
253.65000	0.61061
253.68333	0.45017
253.70000	-0.00279
253.71667	0.00446
253.73333	0.00140
253.76667	0.00510
253.80000	0.00140
253.88333	-0.00408
253.96667	0.00543
254.10000	-0.00215
254.21667	0.00172
254.30000	0.00204
254.36667	0.02846
254.41667	0.32340
254.50000	0.00027
254.56667	0.00011
254.61667	0.66876
254.65000	0.67150
254.68333	0.68100
254.75000	0.69598
254.78333	0.69743
254.83333	0.70275
254.90000	0.70774
254.96667	0.71354
255.03333	0.71580
255.11667	0.72433
255.23333	0.73851
255.35000	0.74576
255.50000	0.75446
255.63333	0.76670
255.73333	0.77298
255.80000	0.77411
255.86667	0.77733
255.95000	0.78248
256.06667	0.78732
256.21667	0.79811
256.33333	0.79972
256.45000	0.80745
256.56667	0.81438
256.68333	0.81196
256.78333	0.81857
256.88333	0.80987
257.00000	0.76348
257.10000	0.67150
257.21667	0.52717
257.35000	0.38832
257.48333	0.28088
257.60000	0.09048
257.68333	0.08629
257.78333	0.03136
257.90000	0.00623
258.00000	0.00977
258.11667	0.00559
258.21667	0.00333
258.28333	0.00317
258.33333	0.00092
258.35000	0.00317
258.38333	0.01445
258.41667	0.12930
258.45000	0.37479
258.51667	0.61496
258.60000	0.81567
258.68333	0.86093
258.75000	0.87962
258.81667	0.89669
258.88333	0.90007
258.95000	0.90217
259.05000	0.90603
259.15000	0.91328
259.23333	0.91715
259.31667	0.92375
259.40000	0.92730
259.45000	0.92424
259.53333	0.93100
259.60000	0.93181
259.70000	0.93487
259.78333	0.94034
259.86667	0.93712
259.95000	0.94518
260.05000	0.94260
260.13333	0.94888
260.21667	0.95887
260.28333	0.95404
260.36667	0.96032
260.43333	0.96322
260.51667	0.96628
260.60000	0.96628
260.65000	0.96402
260.73333	0.97031
260.85000	0.98078
260.93333	0.98496
261.03333	0.97755
261.10000	0.98158
261.16667	0.98512
261.23333	0.98190
261.30000	0.98883
261.38333	0.98915
261.48333	0.99511
261.63333	1.00864
261.76667	1.01654
261.86667	1.01058
261.93333	1.00977
261.96667	1.01203
262.01667	1.01670
262.06667	1.02105
262.11667	1.03168
262.18333	1.02862
262.25000	1.02846
262.31667	1.03667
262.38333	1.04021
262.45000	1.03216
262.56667	1.02991
262.66667	1.03619
262.75000	1.02894
262.85000	1.02556
262.96667	1.03119
263.08333	1.03377
263.20000	1.03522
263.30000	1.04875
263.41667	1.05632
263.53333	1.06937
263.65000	1.07517
263.80000	1.07549
263.95000	1.08741
264.10000	1.10046
264.23333	1.11254
264.33333	1.11705
264.41667	1.11447
264.48333	1.11834
264.56667	1.11898
264.65000	1.12349
264.75000	1.12269
264.85000	1.12510
264.93333	1.12108
265.03333	1.12817
265.15000	1.13123
265.26667	1.12398
265.43333	1.12059
265.53333	1.13493
265.63333	1.13461
265.76667	1.13654
265.90000	1.15007
266.01667	1.15313
266.11667	1.15168
266.25000	1.15619
266.38333	1.16457
266.53333	1.16618
266.65000	1.17504
266.73333	1.17585
266.78333	1.17891
266.83333	1.18519
266.93333	1.19582
267.05000	1.20838
267.18333	1.20162
267.30000	1.20565
267.40000	1.20838
267.46667	1.21837
267.53333	1.21982
267.63333	1.22063
267.80000	1.22852
267.93333	1.25268
268.03333	1.25735
268.16667	1.26090
268.25000	1.27185
268.41667	1.28023
268.58333	1.29279
268.73333	1.29682
268.88333	1.31132
269.01667	1.31277
269.21667	1.32179
269.40000	1.33403
269.63333	1.33854
269.81667	1.35787
270.00000	1.34015
270.15000	1.35014
270.26667	1.35900
270.35000	1.36222
270.43333	1.36447
270.55000	1.37204
270.68333	1.37897
270.81667	1.38396
270.93333	1.38541
271.05000	1.38799
271.15000	1.39137
271.23333	1.34981
271.33333	1.15942
271.46667	0.80439
271.60000	0.54892
271.70000	0.27443
271.85000	0.10626
272.00000	0.07099
272.13333	0.07276
272.28333	0.13735
272.41667	0.31905
272.58333	0.60707
272.73333	0.72530
272.90000	0.74366
273.03333	0.81712
273.16667	1.00220
273.28333	1.02330
273.43333	1.28039
273.60000	1.40555
273.76667	1.45758
273.91667	1.47997
274.05000	1.50107
274.16667	1.49849
274.26667	1.49608
274.35000	1.50751
274.43333	1.50091
274.51667	1.51460
274.61667	1.52362
274.70000	1.52862
274.83333	1.53522
274.96667	1.53603
275.06667	1.52137
275.16667	1.51557
275.26667	1.53651
275.38333	1.54923
275.50000	1.55133
275.60000	1.55246
275.71667	1.51702
275.83333	1.44099
275.93333	1.25010
276.03333	1.05600
276.18333	0.98464
276.31667	0.98061
276.43333	1.09128
276.53333	1.20049
276.61667	1.25107
276.70000	1.48545
276.80000	1.55439
276.93333	1.58419
277.06667	1.61012
277.15000	1.62446
277.25000	1.61914
277.36667	1.61737
277.46667	1.62865
277.60000	1.63863
277.76667	1.64379
277.91667	1.64894
278.06667	1.65507
278.15000	1.66489
278.30000	1.66119
278.43333	1.67198
278.56667	1.68245
278.70000	1.68422
278.85000	1.68793
279.01667	1.69066
279.16667	1.69711
279.31667	1.69985
279.50000	1.70645
279.66667	1.71676
279.85000	1.72014
280.01667	1.72095
280.16667	1.72884
280.31667	1.72191
280.46667	1.72530
280.61667	1.73996
280.78333	1.73013
280.93333	1.71531
281.10000	1.72771
281.30000	1.74237
281.46667	1.74334
281.68333	1.77668
281.85000	1.77765
281.96667	1.79891
282.05000	1.79408
282.18333	1.80374
282.33333	1.79988
282.51667	1.79650
282.70000	1.79182
282.91667	1.55084
283.10000	0.93358
283.31667	0.45275
283.58333	0.29924
283.86667	0.49914
284.05000	0.37849
284.20000	0.31728
284.35000	0.21451
284.50000	0.12366
284.65000	0.06551
284.78333	0.05456
284.91667	0.04296
285.06667	0.03829
285.20000	0.13381
285.38333	1.64766
285.55000	1.88332
285.68333	1.89089
285.81667	1.89411
286.01667	1.87478
286.20000	1.85497
286.38333	1.81421
286.56667	1.72465
286.75000	1.66038
286.91667	1.71773
287.06667	1.85175
287.23333	1.89894
287.40000	1.91747
287.60000	1.94727
287.80000	1.95758
287.96667	1.97224
288.11667	1.98094
288.26667	1.97175
288.41667	1.98094
288.55000	1.96821
288.66667	1.98271
288.80000	1.92005
288.93333	1.75864
289.03333	1.44807
289.13333	1.24737
289.23333	1.03651
289.35000	0.82147
289.45000	0.70017
289.56667	0.74850
289.73333	0.70371
289.91667	0.54795
290.13333	0.46499
290.30000	0.51058
290.46667	0.59966
290.61667	0.66361
290.75000	0.78667
290.91667	0.78087
291.05000	0.95645
291.18333	1.05906
291.33333	1.38767
291.50000	1.30471
291.70000	1.41215
291.88333	1.26573
292.05000	0.97933
292.16667	0.55906
292.33333	0.18906
292.48333	0.11029
292.66667	0.07517
292.80000	0.04715
292.95000	0.04425
293.11667	0.06583
293.30000	0.15249
293.48333	1.07130
293.63333	1.99028
293.75000	2.09643
293.88333	2.11608
294.03333	2.12575
294.23333	2.12720
294.41667	2.13268
294.61667	2.14331
294.83333	2.15539
295.06667	2.15716
295.28333	2.16135
295.43333	2.17246
295.55000	2.17134
295.70000	2.16521
295.83333	2.18390
296.06667	2.18454
296.21667	2.18938
296.38333	2.18889
296.55000	2.19405
296.70000	2.19195
296.88333	2.20597
297.08333	2.22095
297.33333	2.22868
297.60000	2.22997
297.83333	2.23754
298.05000	2.24350
298.26667	2.24962
298.48333	2.25816
298.68333	2.26186
298.88333	2.26267
299.10000	2.26525
299.33333	2.26976
299.55000	2.27459
299.71667	2.27733
299.86667	2.29166
300.05000	2.28989
300.26667	2.28119
300.53333	2.27169
300.75000	2.28442
300.90000	2.27910
301.03333	2.27684
301.13333	2.22095
301.23333	2.13574
301.28333	2.02056
301.33333	2.13912
301.43333	2.21128
301.55000	2.26927
301.70000	2.29231
301.85000	2.32759
301.98333	2.32710
302.13333	2.34176
302.23333	2.35014
302.38333	2.34659
302.53333	2.34514
302.73333	2.34096
302.90000	2.32936
303.01667	2.31325
303.13333	2.31712
303.21667	2.32533
303.28333	2.35223
303.36667	2.36850
303.45000	2.36592
303.51667	2.36109
303.63333	2.33806
303.78333	1.31357
304.00000	0.26541
304.15000	0.08951
304.30000	0.09402
304.50000	0.10062
304.75000	0.28684
304.93333	1.11592
305.08333	2.29408
305.11667	2.37317
305.18333	2.38316
305.31667	2.38090
305.50000	2.37366
305.73333	2.39492
306.03333	2.41248
306.36667	2.40120
306.51667	2.41795
306.60000	2.41393
306.66667	2.41119
306.73333	2.43986
306.85000	2.45339
307.01667	2.45903
307.23333	2.45597
307.40000	2.44630
307.58333	2.45194
307.73333	2.45291
307.88333	2.45065
308.06667	2.45114
308.20000	2.45452
308.41667	2.45549
308.68333	2.45774
308.83333	2.46998
308.93333	2.45452
309.10000	2.42714
309.28333	2.26992
309.51667	2.32227
309.80000	2.36657
310.01667	2.44953
310.21667	2.48754
310.43333	2.49366
310.65000	2.44421
310.88333	2.16264
311.08333	1.74608
311.30000	1.29086
311.53333	1.07791
311.70000	0.91038
311.90000	1.17198
312.15000	1.15039
312.35000	1.61093
312.58333	1.95484
312.83333	2.10755
312.98333	1.94340
313.03333	1.66602
313.16667	1.02765
313.35000	0.50848
313.48333	0.45211
313.73333	0.36754
314.03333	0.62414
314.35000	1.01074
314.61667	1.39153
314.91667	1.75510
315.10000	1.38606
315.25000	0.79908
315.38333	0.53442
315.51667	0.56937
315.71667	0.30214
315.96667	0.39718
316.21667	1.35143
316.35000	2.29875
316.51667	2.50558
316.71667	2.59676
316.93333	2.60691
317.06667	2.61077
317.18333	2.61770
317.28333	2.62833
317.38333	2.63365
317.48333	2.62736
317.56667	2.63703
317.73333	2.62688
317.88333	2.63751
318.00000	2.64734
318.16667	2.64991
318.50000	2.65475
318.76667	2.64589
318.90000	2.65040
319.01667	2.64540
319.16667	2.64943
319.40000	2.66345
319.63333	2.66071
319.83333	2.66779
320.06667	2.65024
320.21667	2.66393
320.30000	2.67037
320.50000	2.66264
320.73333	2.66747
320.86667	2.67569
320.95000	2.67424
321.10000	2.68213
321.31667	2.67665
321.50000	2.68874
321.68333	2.68648
321.70000	2.69341
321.70000	2.68648
321.70000	2.69083
321.78333	2.66989
321.90000	2.60771
321.90000	2.61915
321.90000	2.59756
321.90000	2.58145
321.90000	2.54891
321.90000	2.41054
321.90000	1.69807
321.90000	1.26943
321.90000	1.19630
321.90000	1.58757
321.90000	2.20259
321.90000	2.62994
321.90000	2.59080
321.90000	2.57888
321.90000	2.52991
321.90000	2.05149
321.90000	1.22143
321.90000	0.33903
321.90000	0.09676
321.90000	0.05069
321.90000	0.02620
321.90000	0.01380
321.90000	0.00333
321.90000	0.00253
321.90000	0.00172
321.90000	0.18084
321.90000	1.64814
321.90000	2.61142
321.90000	2.64331
321.90000	2.64444
321.90000	2.64218
321.90000	2.63461
321.90000	2.59611
321.90000	2.52491
321.90000	2.41328
321.90000	2.16972
321.93333	1.76911
321.93333	1.17440
321.93333	0.56969
321.98333	0.32066
321.98333	0.47997
321.98333	0.41634
322.01667	0.29747
322.03333	0.28297
322.03333	0.22240
322.03333	0.17279
322.03333	0.15056
322.03333	0.17182
322.03333	0.39637
322.03333	1.22981
322.03333	1.10964
322.03333	1.07501
322.03333	1.06035
322.03333	1.09853
322.03333	1.23416
322.03333	1.30052
322.03333	1.54070
322.03333	0.32743
322.03333	0.00655
322.03333	0.01557
322.05000	0.03474
322.05000	0.03410
322.05000	0.03909
322.05000	0.04006
322.05000	0.03957
322.05000	0.04231
322.05000	0.04086
322.05000	0.04135
322.05000	0.04006
322.05000	0.04102